,address,headquarters,industry,market_cap,name,number_of_employees,revenue,telephone,website
address,0.0,0.14285714285714285,0.14285714285714285,0.1111111111111111,0.16666666666666666,0.0625,0.14285714285714285,0.1111111111111111,0.14285714285714285
headquarters,0.14285714285714285,0.0,0.125,0.09090909090909091,0.1,0.0625,0.1111111111111111,0.1,0.1111111111111111
industry,0.14285714285714285,0.125,0.0,0.1111111111111111,0.14285714285714285,0.058823529411764705,0.125,0.1111111111111111,0.14285714285714285
market_cap,0.1111111111111111,0.09090909090909091,0.1111111111111111,0.0,0.125,0.06666666666666667,0.125,0.1111111111111111,0.1111111111111111
name,0.16666666666666666,0.1,0.14285714285714285,0.125,0.0,0.0625,0.16666666666666666,0.125,0.16666666666666666
number_of_employees,0.0625,0.0625,0.058823529411764705,0.06666666666666667,0.0625,0.0,0.0625,0.07142857142857142,0.058823529411764705
revenue,0.14285714285714285,0.1111111111111111,0.125,0.125,0.16666666666666666,0.0625,0.0,0.16666666666666666,0.2
telephone,0.1111111111111111,0.1,0.1111111111111111,0.1111111111111111,0.125,0.07142857142857142,0.16666666666666666,0.0,0.14285714285714285
website,0.14285714285714285,0.1111111111111111,0.14285714285714285,0.1111111111111111,0.16666666666666666,0.058823529411764705,0.2,0.14285714285714285,0.0
