,absolute_growth_rate_pct,compound_annual_growth_rate_cagr_pct,country,employees,employees_2017,employees_2020,employees_number_2017,employees_number_2020,founded,founding_year,industry,link,name,number_of_employees_2017,number_of_employees_2020,revenue,revenue_2017,revenue_2017_eu,revenue_2017_euro,revenue_2020,revenue_2020_eu,revenue_2020_euro,sector
absolute_growth_rate_pct,1.0,0.30612244897959184,0.0,0.0,0.0,0.0,0.0,0.0,0.0,0.0,0.0,0.0,0.0,0.0,0.0,0.0,0.0,0.0,0.0,0.0,0.0,0.0,0.0
compound_annual_growth_rate_cagr_pct,0.30612244897959184,1.0,0.06818181818181818,0.0,0.0,0.0,0.0,0.0,0.044444444444444446,0.0392156862745098,0.0,0.0,0.0,0.0,0.0,0.0,0.0,0.0,0.0,0.0,0.0,0.0,0.0
country,0.0,0.06818181818181818,1.0,0.0,0.0,0.0,0.0,0.0,0.058823529411764705,0.043478260869565216,0.1875,0.0,0.0,0.0,0.0,0.0,0.0,0.0,0.0,0.0,0.0,0.0,0.0
employees,0.0,0.0,0.0,1.0,0.5,0.5,0.36,0.36,0.0,0.0,0.0,0.0,0.0,0.23333333333333334,0.23333333333333334,0.0,0.0,0.0,0.0,0.0,0.0,0.0,0.0
employees_2017,0.0,0.0,0.0,0.5,1.0,0.6,0.625,0.39285714285714285,0.0,0.0,0.0,0.0,0.0,0.5,0.3125,0.0,0.2,0.1,0.09375,0.034482758620689655,0.03125,0.029411764705882353,0.0
employees_2020,0.0,0.0,0.0,0.5,0.6,1.0,0.39285714285714285,0.625,0.0,0.0,0.0,0.0,0.0,0.3125,0.5,0.0,0.034482758620689655,0.03125,0.029411764705882353,0.2,0.1,0.09375,0.0
employees_number_2017,0.0,0.0,0.0,0.36,0.625,0.39285714285714285,1.0,0.7037037037037037,0.0,0.0,0.0,0.0,0.0,0.5806451612903226,0.4,0.0,0.15625,0.08108108108108109,0.07692307692307693,0.027777777777777776,0.02564102564102564,0.024390243902439025,0.0
employees_number_2020,0.0,0.0,0.0,0.36,0.39285714285714285,0.625,0.7037037037037037,1.0,0.0,0.0,0.0,0.0,0.0,0.4,0.5806451612903226,0.0,0.027777777777777776,0.02564102564102564,0.024390243902439025,0.15625,0.08108108108108109,0.07692307692307693,0.0
founded,0.0,0.044444444444444446,0.058823529411764705,0.0,0.0,0.0,0.0,0.0,1.0,0.2631578947368421,0.0,0.0,0.0,0.0,0.0,0.0,0.0,0.0,0.0,0.0,0.0,0.0,0.0
founding_year,0.0,0.0392156862745098,0.043478260869565216,0.0,0.0,0.0,0.0,0.0,0.2631578947368421,1.0,0.0,0.0,0.0,0.0,0.0,0.0,0.0,0.0,0.0,0.0,0.0,0.0,0.045454545454545456
industry,0.0,0.0,0.1875,0.0,0.0,0.0,0.0,0.0,0.0,0.0,1.0,0.0,0.0,0.0,0.0,0.0,0.0,0.0,0.0,0.0,0.0,0.0,0.0
link,0.0,0.0,0.0,0.0,0.0,0.0,0.0,0.0,0.0,0.0,0.0,1.0,0.0,0.0,0.0,0.0,0.0,0.0,0.0,0.0,0.0,0.0,0.0
name,0.0,0.0,0.0,0.0,0.0,0.0,0.0,0.0,0.0,0.0,0.0,0.0,1.0,0.03225806451612903,0.03225806451612903,0.07142857142857142,0.0,0.0,0.0,0.0,0.0,0.0,0.0
number_of_employees_2017,0.0,0.0,0.0,0.23333333333333334,0.5,0.3125,0.5806451612903226,0.4,0.0,0.0,0.0,0.0,0.03225806451612903,1.0,0.7333333333333333,0.0,0.14285714285714285,0.075,0.07142857142857142,0.02564102564102564,0.023809523809523808,0.022727272727272728,0.0
number_of_employees_2020,0.0,0.0,0.0,0.23333333333333334,0.3125,0.5,0.4,0.5806451612903226,0.0,0.0,0.0,0.0,0.03225806451612903,0.7333333333333333,1.0,0.0,0.02564102564102564,0.023809523809523808,0.022727272727272728,0.14285714285714285,0.075,0.07142857142857142,0.0
revenue,0.0,0.0,0.0,0.0,0.0,0.0,0.0,0.0,0.0,0.0,0.0,0.0,0.07142857142857142,0.0,0.0,1.0,0.4375,0.3684210526315789,0.3333333333333333,0.4375,0.3684210526315789,0.3333333333333333,0.0
revenue_2017,0.0,0.0,0.0,0.0,0.2,0.034482758620689655,0.15625,0.027777777777777776,0.0,0.0,0.0,0.0,0.0,0.14285714285714285,0.02564102564102564,0.4375,1.0,0.631578947368421,0.5714285714285714,0.5555555555555556,0.47619047619047616,0.43478260869565216,0.0
revenue_2017_eu,0.0,0.0,0.0,0.0,0.1,0.03125,0.08108108108108109,0.02564102564102564,0.0,0.0,0.0,0.0,0.0,0.075,0.023809523809523808,0.3684210526315789,0.631578947368421,1.0,0.7142857142857143,0.47619047619047616,0.6190476190476191,0.44,0.0
revenue_2017_euro,0.0,0.0,0.0,0.0,0.09375,0.029411764705882353,0.07692307692307693,0.024390243902439025,0.0,0.0,0.0,0.0,0.0,0.07142857142857142,0.022727272727272728,0.3333333333333333,0.5714285714285714,0.7142857142857143,1.0,0.43478260869565216,0.44,0.6521739130434783,0.0
revenue_2020,0.0,0.0,0.0,0.0,0.034482758620689655,0.2,0.027777777777777776,0.15625,0.0,0.0,0.0,0.0,0.0,0.02564102564102564,0.14285714285714285,0.4375,0.5555555555555556,0.47619047619047616,0.43478260869565216,1.0,0.631578947368421,0.5714285714285714,0.0
revenue_2020_eu,0.0,0.0,0.0,0.0,0.03125,0.1,0.02564102564102564,0.08108108108108109,0.0,0.0,0.0,0.0,0.0,0.023809523809523808,0.075,0.3684210526315789,0.47619047619047616,0.6190476190476191,0.44,0.631578947368421,1.0,0.7142857142857143,0.0
revenue_2020_euro,0.0,0.0,0.0,0.0,0.029411764705882353,0.09375,0.024390243902439025,0.07692307692307693,0.0,0.0,0.0,0.0,0.0,0.022727272727272728,0.07142857142857142,0.3333333333333333,0.43478260869565216,0.44,0.6521739130434783,0.5714285714285714,0.7142857142857143,1.0,0.0
sector,0.0,0.0,0.0,0.0,0.0,0.0,0.0,0.0,0.0,0.045454545454545456,0.0,0.0,0.0,0.0,0.0,0.0,0.0,0.0,0.0,0.0,0.0,0.0,1.0
