,address,capital,code,deletion_date,id,legal_form,name,registration_date,status,url
address,0,7,5,12,6,9,6,16,6,6
capital,7,0,6,11,6,9,6,14,6,6
code,5,6,0,10,3,9,3,14,6,4
deletion_date,12,11,10,0,11,10,10,7,11,12
id,6,6,3,11,0,10,4,15,6,3
legal_form,9,9,9,10,10,0,9,13,9,9
name,6,6,3,10,4,9,0,14,5,4
registration_date,16,14,14,7,15,13,14,0,13,16
status,6,6,6,11,6,9,5,13,0,6
url,6,6,4,12,3,9,4,16,6,0
