,annual_net_income_in_usd,annual_net_income_usd,annual_results_for_year_ending,annual_revenue_in_usd,annual_revenue_usd,ceo,company_business,company_website,country,employees_2022,employees_number,facebook_page_url,founded,founders,headquarters_continent,headquarters_country,headquarters_region_city,headquarters_sub_region,id,industry,link,market_capitalization_2022,market_value__jan_07_2022,market_value__jan_1st_2020,market_value_jan_2020,market_value_jan_2021,market_value_jan_2022,marketcap,marketvalue,name,number_of_employees,rank,revenue,revenue_2022,sector,total_assets_in_usd,total_equity_in_usd,total_liabilities_in_usd,twitter_page_url,wikipedia_page_url,world_rank,world_rank__jan_07_2022,world_rank__jan_2020
annual_net_income_in_usd,1.0,0.8148148148148148,0.13725490196078433,0.4411764705882353,0.3142857142857143,0.0,0.023255813953488372,0.023809523809523808,0.0,0.0,0.0,0.0,0.029411764705882353,0.0,0.0,0.0,0.0,0.0,0.034482758620689655,0.0,0.0,0.018867924528301886,0.019230769230769232,0.018867924528301886,0.020833333333333332,0.020833333333333332,0.020833333333333332,0.0,0.0,0.0,0.0,0.0,0.0,0.0,0.0,0.20512820512820512,0.20512820512820512,0.18181818181818182,0.0,0.0,0.0,0.0,0.0
annual_net_income_usd,0.8148148148148148,1.0,0.14583333333333334,0.35294117647058826,0.3870967741935484,0.0,0.025,0.02564102564102564,0.0,0.0,0.0,0.024390243902439025,0.03225806451612903,0.0,0.0,0.0,0.0,0.0,0.038461538461538464,0.0,0.0,0.02,0.02040816326530612,0.02,0.022222222222222223,0.022222222222222223,0.022222222222222223,0.0,0.0,0.0,0.0,0.0,0.0,0.0,0.0,0.15789473684210525,0.15789473684210525,0.13953488372093023,0.025,0.023809523809523808,0.0,0.0,0.0
annual_results_for_year_ending,0.13725490196078433,0.14583333333333334,1.0,0.1956521739130435,0.20930232558139536,0.0,0.0,0.0,0.0,0.0,0.0,0.0,0.0,0.0,0.0,0.0,0.017543859649122806,0.017857142857142856,0.0,0.0,0.0,0.0,0.0,0.0,0.0,0.0,0.0,0.0,0.0,0.0,0.0,0.0,0.0,0.0,0.0,0.0392156862745098,0.019230769230769232,0.017543859649122806,0.0,0.0,0.0,0.0,0.0
annual_revenue_in_usd,0.4411764705882353,0.35294117647058826,0.1956521739130435,1.0,0.7916666666666666,0.0,0.0,0.0,0.0,0.0,0.0,0.0,0.03225806451612903,0.0,0.0,0.0,0.020833333333333332,0.02127659574468085,0.038461538461538464,0.0,0.0,0.0,0.02040816326530612,0.02,0.022222222222222223,0.022222222222222223,0.022222222222222223,0.0,0.0,0.0,0.0,0.0,0.18518518518518517,0.1935483870967742,0.0,0.2222222222222222,0.2222222222222222,0.1951219512195122,0.0,0.0,0.0,0.0,0.0
annual_revenue_usd,0.3142857142857143,0.3870967741935484,0.20930232558139536,0.7916666666666666,1.0,0.0,0.0,0.0,0.0,0.0,0.0,0.02631578947368421,0.03571428571428571,0.0,0.0,0.0,0.022222222222222223,0.022727272727272728,0.043478260869565216,0.0,0.0,0.0,0.021739130434782608,0.02127659574468085,0.023809523809523808,0.023809523809523808,0.023809523809523808,0.0,0.0,0.0,0.0,0.0,0.20833333333333334,0.21428571428571427,0.0,0.1388888888888889,0.1388888888888889,0.12195121951219512,0.02702702702702703,0.02564102564102564,0.0,0.0,0.0
ceo,0.0,0.0,0.0,0.0,0.0,1.0,0.045454545454545456,0.047619047619047616,0.07692307692307693,0.0,0.0,0.0,0.0,0.0,0.0,0.0,0.0,0.0,0.0,0.0,0.0,0.0,0.0,0.0,0.0,0.0,0.0,0.0,0.0,0.0,0.0,0.0,0.0,0.0,0.0,0.0,0.0,0.0,0.0,0.0,0.0,0.0,0.0
company_business,0.023255813953488372,0.025,0.0,0.0,0.0,0.045454545454545456,1.0,0.2962962962962963,0.08,0.0,0.0,0.0,0.0,0.037037037037037035,0.024390243902439025,0.0,0.0,0.0,0.0,0.0,0.0,0.0,0.0,0.0,0.0,0.0,0.0,0.0,0.0,0.0,0.02631578947368421,0.0,0.0,0.0,0.0,0.0,0.0,0.0,0.0,0.0,0.0,0.0,0.0
company_website,0.023809523809523808,0.02564102564102564,0.0,0.0,0.0,0.047619047619047616,0.2962962962962963,1.0,0.08333333333333333,0.0,0.0,0.0,0.0,0.0,0.0,0.0,0.0,0.0,0.0,0.0,0.0,0.0,0.0,0.0,0.0,0.0,0.0,0.0,0.034482758620689655,0.045454545454545456,0.0,0.0,0.04,0.0,0.0,0.0,0.0,0.0,0.0,0.0,0.0,0.0,0.0
country,0.0,0.0,0.0,0.0,0.0,0.07692307692307693,0.08,0.08333333333333333,1.0,0.0,0.0,0.0,0.058823529411764705,0.05555555555555555,0.0,0.2916666666666667,0.029411764705882353,0.0,0.0,0.1875,0.0,0.0,0.0,0.0,0.0,0.0,0.0,0.0,0.0,0.0,0.0,0.0,0.0,0.0,0.0,0.0,0.0,0.0,0.0,0.0,0.0,0.0,0.0
employees_2022,0.0,0.0,0.0,0.0,0.0,0.0,0.0,0.0,0.0,1.0,0.4166666666666667,0.0,0.0,0.0,0.0,0.0,0.0,0.0,0.0,0.0,0.0,0.1282051282051282,0.13157894736842105,0.047619047619047616,0.05405405405405406,0.05405405405405406,0.14705882352941177,0.0,0.0,0.0,0.23333333333333334,0.0,0.0,0.2,0.0,0.0,0.0,0.024390243902439025,0.0,0.0,0.0,0.1388888888888889,0.05555555555555555
employees_number,0.0,0.0,0.0,0.0,0.0,0.0,0.0,0.0,0.0,0.4166666666666667,1.0,0.0,0.0,0.0,0.0,0.0,0.0,0.0,0.0,0.0,0.0,0.0,0.0,0.0,0.0,0.0,0.0,0.0,0.0,0.0,0.39285714285714285,0.0,0.0,0.0,0.04,0.0,0.0,0.023255813953488372,0.0,0.0,0.0,0.0,0.0
facebook_page_url,0.0,0.024390243902439025,0.0,0.0,0.02631578947368421,0.0,0.0,0.0,0.0,0.0,0.0,1.0,0.037037037037037035,0.03571428571428571,0.0,0.0,0.0,0.0,0.0,0.0,0.0,0.0,0.0,0.0,0.0,0.0,0.0,0.0,0.0,0.0,0.0,0.0,0.0,0.0,0.0,0.0,0.0,0.0,0.32142857142857145,0.3,0.0,0.0,0.0
founded,0.029411764705882353,0.03225806451612903,0.0,0.03225806451612903,0.03571428571428571,0.0,0.0,0.0,0.058823529411764705,0.0,0.0,0.037037037037037035,1.0,0.46153846153846156,0.0,0.03333333333333333,0.0,0.0,0.08333333333333333,0.0,0.0,0.0,0.0,0.0,0.0,0.0,0.0,0.0,0.0,0.0,0.0,0.0,0.0,0.0,0.0,0.034482758620689655,0.034482758620689655,0.029411764705882353,0.0,0.0,0.0,0.0,0.0
founders,0.0,0.0,0.0,0.0,0.0,0.0,0.037037037037037035,0.0,0.05555555555555555,0.0,0.0,0.03571428571428571,0.46153846153846156,1.0,0.030303030303030304,0.06666666666666667,0.02857142857142857,0.029411764705882353,0.0,0.0,0.0,0.0,0.0,0.0,0.0,0.0,0.0,0.0,0.0,0.0,0.03333333333333333,0.0,0.0,0.0,0.0,0.0,0.0,0.0,0.0,0.0,0.0,0.0,0.0
headquarters_continent,0.0,0.0,0.0,0.0,0.0,0.0,0.024390243902439025,0.0,0.0,0.0,0.0,0.0,0.0,0.030303030303030304,1.0,0.4838709677419355,0.35135135135135137,0.3611111111111111,0.0,0.0,0.0,0.0,0.0,0.0,0.0,0.0,0.0,0.0,0.0,0.0,0.0,0.0,0.0,0.0,0.0,0.0,0.0,0.0,0.024390243902439025,0.0,0.0,0.0,0.0
headquarters_country,0.0,0.0,0.0,0.0,0.0,0.0,0.0,0.0,0.2916666666666667,0.0,0.0,0.0,0.03333333333333333,0.06666666666666667,0.4838709677419355,1.0,0.4117647058823529,0.38235294117647056,0.0,0.10344827586206896,0.0,0.0,0.0,0.0,0.0,0.0,0.0,0.0,0.0,0.0,0.0,0.0,0.0,0.0,0.0,0.0,0.0,0.0,0.02564102564102564,0.0,0.0,0.0,0.0
headquarters_region_city,0.0,0.0,0.017543859649122806,0.020833333333333332,0.022222222222222223,0.0,0.0,0.0,0.029411764705882353,0.0,0.0,0.0,0.0,0.02857142857142857,0.35135135135135137,0.4117647058823529,1.0,0.5454545454545454,0.0,0.02857142857142857,0.0,0.038461538461538464,0.0,0.0,0.0,0.0,0.0,0.0,0.0,0.0,0.0,0.0,0.0,0.0,0.0,0.0,0.021739130434782608,0.0,0.023255813953488372,0.0,0.0,0.0,0.0
headquarters_sub_region,0.0,0.0,0.017857142857142856,0.02127659574468085,0.022727272727272728,0.0,0.0,0.0,0.0,0.0,0.0,0.0,0.0,0.029411764705882353,0.3611111111111111,0.38235294117647056,0.5454545454545454,1.0,0.0,0.0,0.0,0.019230769230769232,0.0,0.0,0.0,0.0,0.0,0.0,0.0,0.0,0.0,0.0,0.0,0.0,0.0,0.0,0.0,0.0,0.023809523809523808,0.0,0.0,0.0,0.0
id,0.034482758620689655,0.038461538461538464,0.0,0.038461538461538464,0.043478260869565216,0.0,0.0,0.0,0.0,0.0,0.0,0.0,0.08333333333333333,0.0,0.0,0.0,0.0,0.0,1.0,0.07692307692307693,0.0,0.0,0.0,0.0,0.0,0.0,0.0,0.0,0.0,0.0,0.0,0.0,0.0,0.0,0.0,0.041666666666666664,0.041666666666666664,0.034482758620689655,0.0,0.0,0.0,0.0,0.0
industry,0.0,0.0,0.0,0.0,0.0,0.0,0.0,0.0,0.1875,0.0,0.0,0.0,0.0,0.0,0.0,0.10344827586206896,0.02857142857142857,0.0,0.07692307692307693,1.0,0.0,0.0,0.0,0.0,0.0,0.0,0.0,0.0,0.0,0.0,0.0,0.0,0.0,0.0,0.0,0.0,0.0,0.0,0.0,0.0,0.0,0.0,0.0
link,0.0,0.0,0.0,0.0,0.0,0.0,0.0,0.0,0.0,0.0,0.0,0.0,0.0,0.0,0.0,0.0,0.0,0.0,0.0,0.0,1.0,0.0,0.0,0.0,0.0,0.0,0.0,0.0,0.0,0.0,0.0,0.2,0.0,0.0,0.0,0.0,0.0,0.0,0.0,0.0,0.125,0.0,0.0
market_capitalization_2022,0.018867924528301886,0.02,0.0,0.0,0.0,0.0,0.0,0.0,0.0,0.1282051282051282,0.0,0.0,0.0,0.0,0.0,0.0,0.038461538461538464,0.019230769230769232,0.0,0.0,0.0,1.0,0.27906976744186046,0.19148936170212766,0.24390243902439024,0.24390243902439024,0.34210526315789475,0.21875,0.17142857142857143,0.0,0.0,0.0,0.0,0.13513513513513514,0.0,0.020833333333333332,0.020833333333333332,0.018867924528301886,0.0,0.0,0.0,0.10416666666666667,0.06382978723404255
market_value__jan_07_2022,0.019230769230769232,0.02040816326530612,0.0,0.02040816326530612,0.021739130434782608,0.0,0.0,0.0,0.0,0.13157894736842105,0.0,0.0,0.0,0.0,0.0,0.0,0.0,0.0,0.0,0.0,0.0,0.27906976744186046,1.0,0.5714285714285714,0.5625,0.5625,0.7241379310344828,0.1875,0.2903225806451613,0.0,0.0,0.0,0.0,0.17142857142857143,0.0,0.0,0.0,0.0,0.0,0.0,0.0,0.3333333333333333,0.13953488372093023
market_value__jan_1st_2020,0.018867924528301886,0.02,0.0,0.02,0.02127659574468085,0.0,0.0,0.0,0.0,0.047619047619047616,0.0,0.0,0.0,0.0,0.0,0.0,0.0,0.0,0.0,0.0,0.0,0.19148936170212766,0.5714285714285714,1.0,0.7,0.5454545454545454,0.5454545454545454,0.18181818181818182,0.28125,0.0,0.0,0.0,0.0,0.07692307692307693,0.0,0.0,0.0,0.0,0.0,0.0,0.0,0.1276595744680851,0.21951219512195122
market_value_jan_2020,0.020833333333333332,0.022222222222222223,0.0,0.022222222222222223,0.023809523809523808,0.0,0.0,0.0,0.0,0.05405405405405406,0.0,0.0,0.0,0.0,0.0,0.0,0.0,0.0,0.0,0.0,0.0,0.24390243902439024,0.5625,0.7,1.0,0.7692307692307693,0.7692307692307693,0.21428571428571427,0.3333333333333333,0.0,0.0,0.0,0.0,0.08823529411764706,0.0,0.0,0.0,0.0,0.0,0.0,0.0,0.11627906976744186,0.25
market_value_jan_2021,0.020833333333333332,0.022222222222222223,0.0,0.022222222222222223,0.023809523809523808,0.0,0.0,0.0,0.0,0.05405405405405406,0.0,0.0,0.0,0.0,0.0,0.0,0.0,0.0,0.0,0.0,0.0,0.24390243902439024,0.5625,0.5454545454545454,0.7692307692307693,1.0,0.7692307692307693,0.21428571428571427,0.3333333333333333,0.0,0.0,0.0,0.0,0.08823529411764706,0.0,0.0,0.0,0.0,0.0,0.0,0.0,0.11627906976744186,0.15384615384615385
market_value_jan_2022,0.020833333333333332,0.022222222222222223,0.0,0.022222222222222223,0.023809523809523808,0.0,0.0,0.0,0.0,0.14705882352941177,0.0,0.0,0.0,0.0,0.0,0.0,0.0,0.0,0.0,0.0,0.0,0.34210526315789475,0.7241379310344828,0.5454545454545454,0.7692307692307693,0.7692307692307693,1.0,0.21428571428571427,0.3333333333333333,0.0,0.0,0.0,0.0,0.1935483870967742,0.0,0.0,0.0,0.0,0.0,0.0,0.0,0.2,0.15384615384615385
marketcap,0.0,0.0,0.0,0.0,0.0,0.0,0.0,0.0,0.0,0.0,0.0,0.0,0.0,0.0,0.0,0.0,0.0,0.0,0.0,0.0,0.0,0.21875,0.1875,0.18181818181818182,0.21428571428571427,0.21428571428571427,0.21428571428571427,1.0,0.3333333333333333,0.0,0.0,0.0,0.0,0.0,0.0,0.0,0.0,0.0,0.0,0.0,0.0,0.0,0.0
marketvalue,0.0,0.0,0.0,0.0,0.0,0.0,0.0,0.034482758620689655,0.0,0.0,0.0,0.0,0.0,0.0,0.0,0.0,0.0,0.0,0.0,0.0,0.0,0.17142857142857143,0.2903225806451613,0.28125,0.3333333333333333,0.3333333333333333,0.3333333333333333,0.3333333333333333,1.0,0.05555555555555555,0.0,0.0,0.1,0.0,0.0,0.0,0.0,0.0,0.0,0.0,0.0,0.0,0.0
name,0.0,0.0,0.0,0.0,0.0,0.0,0.0,0.045454545454545456,0.0,0.0,0.0,0.0,0.0,0.0,0.0,0.0,0.0,0.0,0.0,0.0,0.0,0.0,0.0,0.0,0.0,0.0,0.0,0.0,0.05555555555555555,1.0,0.038461538461538464,0.0,0.07142857142857142,0.0,0.0,0.0,0.0,0.0,0.0,0.0,0.0,0.0,0.0
number_of_employees,0.0,0.0,0.0,0.0,0.0,0.0,0.02631578947368421,0.0,0.0,0.23333333333333334,0.39285714285714285,0.0,0.0,0.03333333333333333,0.0,0.0,0.0,0.0,0.0,0.0,0.0,0.0,0.0,0.0,0.0,0.0,0.0,0.0,0.0,0.038461538461538464,1.0,0.0,0.0,0.0,0.0,0.0,0.0,0.0,0.02631578947368421,0.0,0.0,0.0,0.0
rank,0.0,0.0,0.0,0.0,0.0,0.0,0.0,0.0,0.0,0.0,0.0,0.0,0.0,0.0,0.0,0.0,0.0,0.0,0.0,0.0,0.2,0.0,0.0,0.0,0.0,0.0,0.0,0.0,0.0,0.0,0.0,1.0,0.07142857142857142,0.05263157894736842,0.0,0.0,0.0,0.0,0.0,0.0,0.2857142857142857,0.06896551724137931,0.07692307692307693
revenue,0.0,0.0,0.0,0.18518518518518517,0.20833333333333334,0.0,0.0,0.04,0.0,0.0,0.0,0.0,0.0,0.0,0.0,0.0,0.0,0.0,0.0,0.0,0.0,0.0,0.0,0.0,0.0,0.0,0.0,0.0,0.1,0.07142857142857142,0.0,0.07142857142857142,1.0,0.4375,0.0,0.0,0.0,0.0,0.0,0.0,0.0,0.0,0.0
revenue_2022,0.0,0.0,0.0,0.1935483870967742,0.21428571428571427,0.0,0.0,0.0,0.0,0.2,0.0,0.0,0.0,0.0,0.0,0.0,0.0,0.0,0.0,0.0,0.0,0.13513513513513514,0.17142857142857143,0.07692307692307693,0.08823529411764706,0.08823529411764706,0.1935483870967742,0.0,0.0,0.0,0.0,0.05263157894736842,0.4375,1.0,0.0,0.0,0.0,0.0,0.0,0.0,0.0,0.14705882352941177,0.058823529411764705
sector,0.0,0.0,0.0,0.0,0.0,0.0,0.0,0.0,0.0,0.0,0.04,0.0,0.0,0.0,0.0,0.0,0.0,0.0,0.0,0.0,0.0,0.0,0.0,0.0,0.0,0.0,0.0,0.0,0.0,0.0,0.0,0.0,0.0,0.0,1.0,0.0,0.0,0.0,0.0,0.0,0.0,0.0,0.0
total_assets_in_usd,0.20512820512820512,0.15789473684210525,0.0392156862745098,0.2222222222222222,0.1388888888888889,0.0,0.0,0.0,0.0,0.0,0.0,0.0,0.034482758620689655,0.0,0.0,0.0,0.0,0.0,0.041666666666666664,0.0,0.0,0.020833333333333332,0.0,0.0,0.0,0.0,0.0,0.0,0.0,0.0,0.0,0.0,0.0,0.0,0.0,1.0,0.4482758620689655,0.42424242424242425,0.02631578947368421,0.0,0.0,0.0,0.0
total_equity_in_usd,0.20512820512820512,0.15789473684210525,0.019230769230769232,0.2222222222222222,0.1388888888888889,0.0,0.0,0.0,0.0,0.0,0.0,0.0,0.034482758620689655,0.0,0.0,0.0,0.021739130434782608,0.0,0.041666666666666664,0.0,0.0,0.020833333333333332,0.0,0.0,0.0,0.0,0.0,0.0,0.0,0.0,0.0,0.0,0.0,0.0,0.0,0.4482758620689655,1.0,0.38235294117647056,0.02631578947368421,0.0,0.0,0.0,0.0
total_liabilities_in_usd,0.18181818181818182,0.13953488372093023,0.017543859649122806,0.1951219512195122,0.12195121951219512,0.0,0.0,0.0,0.0,0.024390243902439025,0.023255813953488372,0.0,0.029411764705882353,0.0,0.0,0.0,0.0,0.0,0.034482758620689655,0.0,0.0,0.018867924528301886,0.0,0.0,0.0,0.0,0.0,0.0,0.0,0.0,0.0,0.0,0.0,0.0,0.0,0.42424242424242425,0.38235294117647056,1.0,0.023255813953488372,0.0,0.0,0.0,0.0
twitter_page_url,0.0,0.025,0.0,0.0,0.02702702702702703,0.0,0.0,0.0,0.0,0.0,0.0,0.32142857142857145,0.0,0.0,0.024390243902439025,0.02564102564102564,0.023255813953488372,0.023809523809523808,0.0,0.0,0.0,0.0,0.0,0.0,0.0,0.0,0.0,0.0,0.0,0.0,0.02631578947368421,0.0,0.0,0.0,0.0,0.02631578947368421,0.02631578947368421,0.023255813953488372,1.0,0.3103448275862069,0.0,0.0,0.0
wikipedia_page_url,0.0,0.023809523809523808,0.0,0.0,0.02564102564102564,0.0,0.0,0.0,0.0,0.0,0.0,0.3,0.0,0.0,0.0,0.0,0.0,0.0,0.0,0.0,0.0,0.0,0.0,0.0,0.0,0.0,0.0,0.0,0.0,0.0,0.0,0.0,0.0,0.0,0.0,0.0,0.0,0.0,0.3103448275862069,1.0,0.03225806451612903,0.022727272727272728,0.024390243902439025
world_rank,0.0,0.0,0.0,0.0,0.0,0.0,0.0,0.0,0.0,0.0,0.0,0.0,0.0,0.0,0.0,0.0,0.0,0.0,0.0,0.0,0.125,0.0,0.0,0.0,0.0,0.0,0.0,0.0,0.0,0.0,0.0,0.2857142857142857,0.0,0.0,0.0,0.0,0.0,0.0,0.0,0.03225806451612903,1.0,0.37037037037037035,0.4166666666666667
world_rank__jan_07_2022,0.0,0.0,0.0,0.0,0.0,0.0,0.0,0.0,0.0,0.1388888888888889,0.0,0.0,0.0,0.0,0.0,0.0,0.0,0.0,0.0,0.0,0.0,0.10416666666666667,0.3333333333333333,0.1276595744680851,0.11627906976744186,0.11627906976744186,0.2,0.0,0.0,0.0,0.0,0.06896551724137931,0.0,0.14705882352941177,0.0,0.0,0.0,0.0,0.0,0.022727272727272728,0.37037037037037035,1.0,0.6206896551724138
world_rank__jan_2020,0.0,0.0,0.0,0.0,0.0,0.0,0.0,0.0,0.0,0.05555555555555555,0.0,0.0,0.0,0.0,0.0,0.0,0.0,0.0,0.0,0.0,0.0,0.06382978723404255,0.13953488372093023,0.21951219512195122,0.25,0.15384615384615385,0.15384615384615385,0.0,0.0,0.0,0.0,0.07692307692307693,0.0,0.058823529411764705,0.0,0.0,0.0,0.0,0.0,0.024390243902439025,0.4166666666666667,0.6206896551724138,1.0
