,area_served,founded,founders,headquarters,industry,key_people,name,notes,number_of_employees,operating_income,revenue,sector,services,total_assets,type,website
area_served,1.0,0.1,0.0,0.0,0.0,0.0,0.0,0.0,0.0,0.0,0.0,0.0,0.09523809523809523,0.0,0.0,0.0
founded,0.1,1.0,0.46153846153846156,0.0,0.0,0.0,0.0,0.0,0.0,0.0,0.0,0.0,0.0,0.0,0.0,0.0
founders,0.0,0.46153846153846156,1.0,0.14285714285714285,0.0,0.0,0.0,0.0625,0.03333333333333333,0.0,0.0,0.0,0.05263157894736842,0.043478260869565216,0.0,0.0
headquarters,0.0,0.0,0.14285714285714285,1.0,0.0,0.0,0.0,0.05,0.029411764705882353,0.0,0.0,0.0,0.043478260869565216,0.037037037037037035,0.0,0.0
industry,0.0,0.0,0.0,0.0,1.0,0.0,0.0,0.0,0.0,0.0,0.0,0.0,0.0,0.0,0.0,0.0
key_people,0.0,0.0,0.0,0.0,0.0,1.0,0.058823529411764705,0.0,0.0,0.034482758620689655,0.05,0.0,0.0,0.0,0.058823529411764705,0.05
name,0.0,0.0,0.0,0.0,0.0,0.058823529411764705,1.0,0.08333333333333333,0.038461538461538464,0.09090909090909091,0.07142857142857142,0.0,0.0,0.0,0.09090909090909091,0.07142857142857142
notes,0.0,0.0,0.0625,0.05,0.0,0.0,0.08333333333333333,1.0,0.12,0.0,0.0,0.0,0.13333333333333333,0.05,0.0,0.0
number_of_employees,0.0,0.0,0.03333333333333333,0.029411764705882353,0.0,0.0,0.038461538461538464,0.12,1.0,0.0,0.0,0.0,0.06896551724137931,0.029411764705882353,0.0,0.0
operating_income,0.0,0.0,0.0,0.0,0.0,0.034482758620689655,0.09090909090909091,0.0,0.0,1.0,0.038461538461538464,0.0,0.0,0.0,0.043478260869565216,0.038461538461538464
revenue,0.0,0.0,0.0,0.0,0.0,0.05,0.07142857142857142,0.0,0.0,0.038461538461538464,1.0,0.0,0.0,0.0,0.07142857142857142,0.058823529411764705
sector,0.0,0.0,0.0,0.0,0.0,0.0,0.0,0.0,0.0,0.0,0.0,1.0,0.125,0.0,0.0,0.0
services,0.09523809523809523,0.0,0.05263157894736842,0.043478260869565216,0.0,0.0,0.0,0.13333333333333333,0.06896551724137931,0.0,0.0,0.125,1.0,0.043478260869565216,0.0,0.0
total_assets,0.0,0.0,0.043478260869565216,0.037037037037037035,0.0,0.0,0.0,0.05,0.029411764705882353,0.0,0.0,0.0,0.043478260869565216,1.0,0.05263157894736842,0.0
type,0.0,0.0,0.0,0.0,0.0,0.058823529411764705,0.09090909090909091,0.0,0.0,0.043478260869565216,0.07142857142857142,0.0,0.0,0.05263157894736842,1.0,0.07142857142857142
website,0.0,0.0,0.0,0.0,0.0,0.05,0.07142857142857142,0.0,0.0,0.038461538461538464,0.058823529411764705,0.0,0.0,0.0,0.07142857142857142,1.0
