,categories,change1d,change1y,change_1_day,change_1_year,change_1day_,change_1year_,code,codice,company_code,country,earnings,employees,id,market_cap,market_capitalization_usd,marketcap,master_cap,name,price,pricecap,rank,revenue,share_price,shareprice,shares,symbol,url
categories,1.0,0.2857142857142857,0.2857142857142857,0.2222222222222222,0.35294117647058826,0.2222222222222222,0.35294117647058826,0.2727272727272727,0.3333333333333333,0.2222222222222222,0.3076923076923077,0.5,0.26666666666666666,0.09090909090909091,0.3333333333333333,0.2962962962962963,0.35714285714285715,0.42857142857142855,0.16666666666666666,0.36363636363636365,0.38461538461538464,0.16666666666666666,0.21428571428571427,0.5,0.5384615384615384,0.3333333333333333,0.14285714285714285,0.08333333333333333
change1d,0.2857142857142857,1.0,0.7777777777777778,0.6666666666666666,0.5,0.6666666666666666,0.5,0.3333333333333333,0.2727272727272727,0.3333333333333333,0.15384615384615385,0.3333333333333333,0.0625,0.1111111111111111,0.2,0.17857142857142858,0.21428571428571427,0.2,0.3333333333333333,0.18181818181818182,0.23076923076923078,0.2,0.15384615384615385,0.26666666666666666,0.2857142857142857,0.2727272727272727,0.0,0.0
change1y,0.2857142857142857,0.7777777777777778,1.0,0.6666666666666666,0.6153846153846154,0.6666666666666666,0.6153846153846154,0.2,0.16666666666666666,0.3333333333333333,0.25,0.3333333333333333,0.13333333333333333,0.0,0.2,0.13793103448275862,0.21428571428571427,0.2,0.3333333333333333,0.18181818181818182,0.23076923076923078,0.2,0.15384615384615385,0.26666666666666666,0.2857142857142857,0.2727272727272727,0.07692307692307693,0.0
change_1_day,0.2222222222222222,0.6666666666666666,0.6666666666666666,1.0,0.7857142857142857,1.0,0.7857142857142857,0.23076923076923078,0.2,0.4117647058823529,0.1875,0.25,0.10526315789473684,0.07692307692307693,0.29411764705882354,0.27586206896551724,0.23529411764705882,0.29411764705882354,0.23076923076923078,0.13333333333333333,0.17647058823529413,0.14285714285714285,0.11764705882352941,0.2777777777777778,0.2222222222222222,0.2,0.058823529411764705,0.0
change_1_year,0.35294117647058826,0.5,0.6153846153846154,0.7857142857142857,1.0,0.7857142857142857,1.0,0.13333333333333333,0.11764705882352941,0.3157894736842105,0.25,0.3125,0.15789473684210525,0.0,0.35294117647058826,0.26666666666666666,0.29411764705882354,0.35294117647058826,0.21428571428571427,0.2,0.23529411764705882,0.21428571428571427,0.25,0.4117647058823529,0.35294117647058826,0.26666666666666666,0.05555555555555555,0.06666666666666667
change_1day_,0.2222222222222222,0.6666666666666666,0.6666666666666666,1.0,0.7857142857142857,1.0,0.7857142857142857,0.23076923076923078,0.2,0.4117647058823529,0.1875,0.25,0.10526315789473684,0.07692307692307693,0.29411764705882354,0.27586206896551724,0.23529411764705882,0.29411764705882354,0.23076923076923078,0.13333333333333333,0.17647058823529413,0.14285714285714285,0.11764705882352941,0.2777777777777778,0.2222222222222222,0.2,0.058823529411764705,0.0
change_1year_,0.35294117647058826,0.5,0.6153846153846154,0.7857142857142857,1.0,0.7857142857142857,1.0,0.13333333333333333,0.11764705882352941,0.3157894736842105,0.25,0.3125,0.15789473684210525,0.0,0.35294117647058826,0.26666666666666666,0.29411764705882354,0.35294117647058826,0.21428571428571427,0.2,0.23529411764705882,0.21428571428571427,0.25,0.4117647058823529,0.35294117647058826,0.26666666666666666,0.05555555555555555,0.06666666666666667
code,0.2727272727272727,0.3333333333333333,0.2,0.23076923076923078,0.13333333333333333,0.23076923076923078,0.13333333333333333,1.0,0.6666666666666666,0.3333333333333333,0.2222222222222222,0.09090909090909091,0.18181818181818182,0.2,0.16666666666666666,0.16,0.18181818181818182,0.16666666666666666,0.14285714285714285,0.2857142857142857,0.2,0.0,0.1,0.15384615384615385,0.16666666666666666,0.1111111111111111,0.1111111111111111,0.0
codice,0.3333333333333333,0.2727272727272727,0.16666666666666666,0.2,0.11764705882352941,0.2,0.11764705882352941,0.6666666666666666,1.0,0.38461538461538464,0.18181818181818182,0.16666666666666666,0.15384615384615385,0.3333333333333333,0.14285714285714285,0.19230769230769232,0.15384615384615385,0.14285714285714285,0.1111111111111111,0.375,0.4,0.0,0.08333333333333333,0.21428571428571427,0.23076923076923078,0.09090909090909091,0.09090909090909091,0.0
company_code,0.2222222222222222,0.3333333333333333,0.3333333333333333,0.4117647058823529,0.3157894736842105,0.4117647058823529,0.3157894736842105,0.3333333333333333,0.38461538461538464,1.0,0.26666666666666666,0.17647058823529413,0.3125,0.07692307692307693,0.375,0.32142857142857145,0.3125,0.375,0.3333333333333333,0.21428571428571427,0.3333333333333333,0.14285714285714285,0.11764705882352941,0.2777777777777778,0.2222222222222222,0.125,0.2,0.0
country,0.3076923076923077,0.15384615384615385,0.25,0.1875,0.25,0.1875,0.25,0.2222222222222222,0.18181818181818182,0.26666666666666666,1.0,0.15384615384615385,0.14285714285714285,0.0,0.21428571428571427,0.23076923076923078,0.23076923076923078,0.21428571428571427,0.1,0.2,0.15384615384615385,0.2222222222222222,0.2727272727272727,0.125,0.13333333333333333,0.08333333333333333,0.18181818181818182,0.25
earnings,0.5,0.3333333333333333,0.3333333333333333,0.25,0.3125,0.25,0.3125,0.09090909090909091,0.16666666666666666,0.17647058823529413,0.15384615384615385,1.0,0.13333333333333333,0.1111111111111111,0.2,0.2222222222222222,0.21428571428571427,0.2857142857142857,0.3333333333333333,0.3,0.3333333333333333,0.3333333333333333,0.25,0.35714285714285715,0.38461538461538464,0.4,0.07692307692307693,0.1
employees,0.26666666666666666,0.0625,0.13333333333333333,0.10526315789473684,0.15789473684210525,0.10526315789473684,0.15789473684210525,0.18181818181818182,0.15384615384615385,0.3125,0.14285714285714285,0.13333333333333333,1.0,0.0,0.1875,0.21428571428571427,0.2,0.26666666666666666,0.18181818181818182,0.16666666666666666,0.13333333333333333,0.0,0.23076923076923078,0.25,0.26666666666666666,0.15384615384615385,0.5,0.09090909090909091
id,0.09090909090909091,0.1111111111111111,0.0,0.07692307692307693,0.0,0.07692307692307693,0.0,0.2,0.3333333333333333,0.07692307692307693,0.0,0.1111111111111111,0.0,1.0,0.0,0.08,0.0,0.0,0.0,0.16666666666666666,0.1111111111111111,0.0,0.0,0.08333333333333333,0.09090909090909091,0.0,0.0,0.0
market_cap,0.3333333333333333,0.2,0.2,0.29411764705882354,0.35294117647058826,0.29411764705882354,0.35294117647058826,0.16666666666666666,0.14285714285714285,0.375,0.21428571428571427,0.2,0.1875,0.0,1.0,0.4,0.9,0.8181818181818182,0.2727272727272727,0.36363636363636365,0.38461538461538464,0.2727272727272727,0.13333333333333333,0.4,0.3333333333333333,0.23076923076923078,0.06666666666666667,0.08333333333333333
market_capitalization_usd,0.2962962962962963,0.17857142857142858,0.13793103448275862,0.27586206896551724,0.26666666666666666,0.27586206896551724,0.26666666666666666,0.16,0.19230769230769232,0.32142857142857145,0.23076923076923078,0.2222222222222222,0.21428571428571427,0.08,0.4,1.0,0.36,0.4,0.16,0.2,0.2222222222222222,0.16,0.14285714285714285,0.2857142857142857,0.25,0.14814814814814814,0.14814814814814814,0.12
marketcap,0.35714285714285715,0.21428571428571427,0.21428571428571427,0.23529411764705882,0.29411764705882354,0.23529411764705882,0.29411764705882354,0.18181818181818182,0.15384615384615385,0.3125,0.23076923076923078,0.21428571428571427,0.2,0.0,0.9,0.36,1.0,0.7272727272727273,0.3,0.4,0.4166666666666667,0.3,0.14285714285714285,0.3333333333333333,0.35714285714285715,0.25,0.07142857142857142,0.09090909090909091
master_cap,0.42857142857142855,0.2,0.2,0.29411764705882354,0.35294117647058826,0.29411764705882354,0.35294117647058826,0.16666666666666666,0.14285714285714285,0.375,0.21428571428571427,0.2857142857142857,0.26666666666666666,0.0,0.8181818181818182,0.4,0.7272727272727273,1.0,0.2727272727272727,0.36363636363636365,0.38461538461538464,0.16666666666666666,0.13333333333333333,0.5,0.42857142857142855,0.3333333333333333,0.14285714285714285,0.08333333333333333
name,0.16666666666666666,0.3333333333333333,0.3333333333333333,0.23076923076923078,0.21428571428571427,0.23076923076923078,0.21428571428571427,0.14285714285714285,0.1111111111111111,0.3333333333333333,0.1,0.3333333333333333,0.18181818181818182,0.0,0.2727272727272727,0.16,0.3,0.2727272727272727,1.0,0.125,0.2,0.3333333333333333,0.2222222222222222,0.15384615384615385,0.16666666666666666,0.25,0.1111111111111111,0.0
price,0.36363636363636365,0.18181818181818182,0.18181818181818182,0.13333333333333333,0.2,0.13333333333333333,0.2,0.2857142857142857,0.375,0.21428571428571427,0.2,0.3,0.16666666666666666,0.16666666666666666,0.36363636363636365,0.2,0.4,0.36363636363636365,0.125,1.0,0.625,0.125,0.2,0.45454545454545453,0.5,0.2222222222222222,0.0,0.14285714285714285
pricecap,0.38461538461538464,0.23076923076923078,0.23076923076923078,0.17647058823529413,0.23529411764705882,0.17647058823529413,0.23529411764705882,0.2,0.4,0.3333333333333333,0.15384615384615385,0.3333333333333333,0.13333333333333333,0.1111111111111111,0.38461538461538464,0.2222222222222222,0.4166666666666667,0.38461538461538464,0.2,0.625,1.0,0.2,0.15384615384615385,0.46153846153846156,0.5,0.2727272727272727,0.0,0.1
rank,0.16666666666666666,0.2,0.2,0.14285714285714285,0.21428571428571427,0.14285714285714285,0.21428571428571427,0.0,0.0,0.14285714285714285,0.2222222222222222,0.3333333333333333,0.0,0.0,0.2727272727272727,0.16,0.3,0.16666666666666666,0.3333333333333333,0.125,0.2,1.0,0.2222222222222222,0.15384615384615385,0.16666666666666666,0.25,0.0,0.16666666666666666
revenue,0.21428571428571427,0.15384615384615385,0.15384615384615385,0.11764705882352941,0.25,0.11764705882352941,0.25,0.1,0.08333333333333333,0.11764705882352941,0.2727272727272727,0.25,0.23076923076923078,0.0,0.13333333333333333,0.14285714285714285,0.14285714285714285,0.13333333333333333,0.2222222222222222,0.2,0.15384615384615385,0.2222222222222222,1.0,0.2,0.21428571428571427,0.18181818181818182,0.0,0.25
share_price,0.5,0.26666666666666666,0.26666666666666666,0.2777777777777778,0.4117647058823529,0.2777777777777778,0.4117647058823529,0.15384615384615385,0.21428571428571427,0.2777777777777778,0.125,0.35714285714285715,0.25,0.08333333333333333,0.4,0.2857142857142857,0.3333333333333333,0.5,0.15384615384615385,0.45454545454545453,0.46153846153846156,0.15384615384615385,0.2,1.0,0.9090909090909091,0.4166666666666667,0.0625,0.07692307692307693
shareprice,0.5384615384615384,0.2857142857142857,0.2857142857142857,0.2222222222222222,0.35294117647058826,0.2222222222222222,0.35294117647058826,0.16666666666666666,0.23076923076923078,0.2222222222222222,0.13333333333333333,0.38461538461538464,0.26666666666666666,0.09090909090909091,0.3333333333333333,0.25,0.35714285714285715,0.42857142857142855,0.16666666666666666,0.5,0.5,0.16666666666666666,0.21428571428571427,0.9090909090909091,1.0,0.45454545454545453,0.06666666666666667,0.08333333333333333
shares,0.3333333333333333,0.2727272727272727,0.2727272727272727,0.2,0.26666666666666666,0.2,0.26666666666666666,0.1111111111111111,0.09090909090909091,0.125,0.08333333333333333,0.4,0.15384615384615385,0.0,0.23076923076923078,0.14814814814814814,0.25,0.3333333333333333,0.25,0.2222222222222222,0.2727272727272727,0.25,0.18181818181818182,0.4166666666666667,0.45454545454545453,1.0,0.09090909090909091,0.125
symbol,0.14285714285714285,0.0,0.07692307692307693,0.058823529411764705,0.05555555555555555,0.058823529411764705,0.05555555555555555,0.1111111111111111,0.09090909090909091,0.2,0.18181818181818182,0.07692307692307693,0.5,0.0,0.06666666666666667,0.14814814814814814,0.07142857142857142,0.14285714285714285,0.1111111111111111,0.0,0.0,0.0,0.0,0.0625,0.06666666666666667,0.09090909090909091,1.0,0.125
url,0.08333333333333333,0.0,0.0,0.0,0.06666666666666667,0.0,0.06666666666666667,0.0,0.0,0.0,0.25,0.1,0.09090909090909091,0.0,0.08333333333333333,0.12,0.09090909090909091,0.08333333333333333,0.0,0.14285714285714285,0.1,0.16666666666666666,0.25,0.07692307692307693,0.08333333333333333,0.125,0.125,1.0
